0.000 0.000 0.000 0.000 0.000 0.000 0.124 0.204 0.124 0.000 0.000 0.000 0.000 0.000 0.000 0.000 0.124 0.328 0.328 0.124 0.075 0.124 0.075 0.000 0.075 0.248 0.279 0.124 0.000 0.000 0.075 0.124
0.000 0.000 0.000 0.000 0.000 0.000 0.150 0.323 0.274 0.075 0.000 0.000 0.000 0.000 0.075 0.124 0.150 0.274 0.398 0.274 0.199 0.204 0.124 0.000 0.124 0.354 0.372 0.150 0.000 0.000 0.124 0.204
0.000 0.000 0.000 0.000 0.000 0.000 0.124 0.328 0.328 0.124 0.000 0.000 0.000 0.000 0.199 0.328 0.199 0.124 0.328 0.328 0.199 0.124 0.075 0.000 0.075 0.248 0.279 0.124 0.075 0.124 0.150 0.124
0.124 0.075 0.000 0.000 0.000 0.000 0.075 0.199 0.199 0.075 0.000 0.000 0.000 0.000 0.274 0.452 0.274 0.075 0.199 0.199 0.075 0.000 0.000 0.075 0.124 0.150 0.124 0.075 0.124 0.204 0.124 0.000
0.204 0.124 0.000 0.000 0.000 0.000 0.000 0.000 0.075 0.124 0.075 0.000 0.000 0.000 0.199 0.328 0.199 0.000 0.000 0.075 0.124 0.150 0.124 0.199 0.204 0.124 0.000 0.000 0.075 0.124 0.075 0.000
0.248 0.150 0.000 0.075 0.124 0.150 0.124 0.075 0.124 0.204 0.124 0.000 0.000 0.000 0.075 0.124 0.075 0.000 0.000 0.124 0.204 0.248 0.204 0.199 0.124 0.075 0.000 0.000 0.000 0.000 0.000 0.000
0.204 0.124 0.000 0.124 0.204 0.248 0.204 0.199 0.199 0.199 0.075 0.000 0.000 0.000 0.000 0.000 0.000 0.000 0.000 0.075 0.124 0.150 0.199 0.274 0.199 0.075 0.000 0.000 0.000 0.000 0.000 0.000
0.124 0.150 0.124 0.150 0.124 0.225 0.248 0.274 0.204 0.124 0.000 0.075 0.124 0.150 0.199 0.199 0.075 0.000 0.075 0.124 0.075 0.000 0.124 0.328 0.328 0.199 0.124 0.075 0.000 0.000 0.000 0.000
0.000 0.124 0.204 0.124 0.000 0.124 0.204 0.274 0.248 0.150 0.000 0.199 0.328 0.323 0.328 0.328 0.124 0.000 0.124 0.204 0.124 0.000 0.075 0.199 0.199 0.274 0.328 0.199 0.000 0.000 0.000 0.000
0.000 0.075 0.124 0.075 0.000 0.075 0.124 0.199 0.204 0.124 0.000 0.199 0.328 0.274 0.199 0.199 0.150 0.124 0.150 0.124 0.075 0.000 0.000 0.000 0.000 0.199 0.328 0.199 0.000 0.000 0.000 0.000
0.000 0.000 0.000 0.000 0.000 0.000 0.075 0.274 0.323 0.150 0.000 0.075 0.199 0.199 0.075 0.000 0.124 0.204 0.124 0.075 0.124 0.075 0.000 0.000 0.000 0.075 0.124 0.075 0.000 0.000 0.075 0.124
0.124 0.075 0.000 0.000 0.075 0.124 0.274 0.452 0.403 0.124 0.075 0.124 0.274 0.328 0.199 0.000 0.075 0.124 0.075 0.124 0.204 0.124 0.000 0.000 0.000 0.000 0.075 0.124 0.075 0.000 0.199 0.328
0.328 0.199 0.000 0.000 0.124 0.204 0.323 0.403 0.398 0.199 0.274 0.328 0.398 0.328 0.199 0.000 0.000 0.000 0.000 0.075 0.124 0.075 0.000 0.000 0.000 0.000 0.124 0.204 0.124 0.075 0.323 0.403
0.328 0.199 0.000 0.075 0.199 0.199 0.225 0.323 0.398 0.279 0.323 0.328 0.274 0.124 0.075 0.000 0.000 0.000 0.000 0.000 0.000 0.000 0.000 0.000 0.000 0.000 0.075 0.124 0.075 0.124 0.279 0.248
0.124 0.075 0.000 0.124 0.204 0.124 0.124 0.403 0.527 0.323 0.150 0.124 0.075 0.000 0.075 0.124 0.075 0.000 0.000 0.075 0.124 0.075 0.000 0.000 0.000 0.000 0.000 0.000 0.000 0.075 0.124 0.075
0.124 0.075 0.000 0.075 0.124 0.075 0.075 0.323 0.403 0.199 0.000 0.000 0.000 0.000 0.124 0.204 0.124 0.075 0.124 0.199 0.204 0.124 0.000 0.000 0.000 0.000 0.000 0.000 0.000 0.000 0.075 0.124
0.204 0.124 0.000 0.000 0.000 0.000 0.000 0.075 0.124 0.075 0.000 0.000 0.000 0.000 0.075 0.124 0.075 0.124 0.204 0.199 0.124 0.075 0.000 0.000 0.000 0.000 0.000 0.075 0.124 0.075 0.124 0.204
0.323 0.274 0.075 0.000 0.000 0.075 0.124 0.075 0.000 0.000 0.000 0.000 0.000 0.000 0.075 0.124 0.150 0.199 0.199 0.075 0.000 0.000 0.000 0.000 0.000 0.000 0.000 0.124 0.204 0.124 0.075 0.124
0.328 0.328 0.199 0.124 0.075 0.124 0.204 0.124 0.000 0.000 0.000 0.000 0.000 0.000 0.124 0.204 0.248 0.204 0.124 0.000 0.000 0.000 0.000 0.000 0.000 0.075 0.124 0.225 0.248 0.150 0.000 0.000
0.199 0.199 0.199 0.279 0.248 0.150 0.124 0.075 0.000 0.000 0.000 0.000 0.000 0.000 0.075 0.124 0.150 0.124 0.075 0.000 0.000 0.000 0.000 0.000 0.000 0.124 0.204 0.248 0.204 0.124 0.000 0.000
0.000 0.000 0.075 0.323 0.403 0.199 0.000 0.000 0.000 0.000 0.000 0.000 0.000 0.000 0.000 0.000 0.000 0.000 0.000 0.000 0.000 0.000 0.000 0.000 0.000 0.075 0.124 0.150 0.124 0.150 0.199 0.199
0.124 0.075 0.000 0.199 0.328 0.199 0.000 0.000 0.000 0.000 0.000 0.000 0.000 0.075 0.124 0.075 0.000 0.000 0.000 0.000 0.000 0.075 0.124 0.075 0.075 0.124 0.075 0.000 0.000 0.124 0.328 0.328
0.204 0.124 0.000 0.075 0.124 0.075 0.000 0.000 0.000 0.000 0.000 0.000 0.000 0.124 0.204 0.124 0.000 0.000 0.000 0.075 0.124 0.199 0.279 0.248 0.274 0.328 0.199 0.075 0.124 0.150 0.199 0.199
0.124 0.075 0.000 0.000 0.075 0.199 0.199 0.075 0.000 0.000 0.000 0.000 0.000 0.075 0.124 0.075 0.000 0.000 0.000 0.124 0.279 0.323 0.323 0.279 0.323 0.328 0.199 0.124 0.204 0.124 0.000 0.000
0.000 0.000 0.000 0.000 0.124 0.328 0.328 0.124 0.000 0.000 0.000 0.000 0.000 0.000 0.000 0.000 0.000 0.000 0.000 0.075 0.248 0.279 0.199 0.124 0.150 0.124 0.075 0.075 0.124 0.075 0.000 0.000
0.075 0.124 0.075 0.000 0.075 0.199 0.199 0.075 0.000 0.000 0.000 0.000 0.000 0.075 0.124 0.075 0.000 0.000 0.000 0.000 0.150 0.248 0.150 0.000 0.000 0.000 0.000 0.075 0.124 0.075 0.075 0.124
0.124 0.204 0.124 0.000 0.000 0.000 0.075 0.124 0.075 0.000 0.000 0.000 0.000 0.124 0.204 0.124 0.000 0.000 0.000 0.000 0.124 0.204 0.124 0.000 0.000 0.000 0.000 0.124 0.204 0.124 0.124 0.204
0.075 0.124 0.150 0.124 0.075 0.000 0.124 0.204 0.124 0.000 0.000 0.000 0.000 0.075 0.124 0.075 0.000 0.000 0.000 0.000 0.150 0.323 0.274 0.075 0.000 0.000 0.000 0.075 0.124 0.075 0.075 0.124
0.000 0.000 0.124 0.204 0.124 0.000 0.075 0.124 0.150 0.124 0.075 0.000 0.000 0.000 0.000 0.000 0.000 0.000 0.000 0.000 0.124 0.403 0.452 0.199 0.000 0.000 0.000 0.000 0.000 0.000 0.000 0.000
0.000 0.000 0.075 0.199 0.199 0.075 0.000 0.000 0.124 0.204 0.124 0.000 0.000 0.000 0.075 0.124 0.075 0.000 0.000 0.000 0.075 0.323 0.403 0.199 0.000 0.000 0.000 0.000 0.000 0.000 0.000 0.000
0.000 0.000 0.075 0.248 0.279 0.124 0.000 0.000 0.075 0.124 0.075 0.000 0.000 0.000 0.124 0.204 0.124 0.000 0.000 0.000 0.000 0.075 0.199 0.199 0.075 0.000 0.000 0.000 0.000 0.000 0.000 0.000
0.000 0.000 0.124 0.279 0.248 0.075 0.000 0.000 0.000 0.000 0.000 0.000 0.000 0.000 0.075 0.124 0.075 0.000 0.000 0.000 0.000 0.000 0.124 0.204 0.124 0.000 0.000 0.000 0.000 0.000 0.000 0.000
